12
59
59
64
66
76
108
137
142
170
215
221
245
310
312
322
408
413
431
490
508
529
632
733
736
917
923
924
960
1000
1002
1002
1048
1068
1093
1110
1140
1185
1252
1254
1267
1294
1310
1317
1416
1513
1558
1575
1595
1600
1637
1644
1645
1691
1701
1706
1711
1746
1749
1853
1965
1969
2008
2009
2015
2028
2078
2177
2182
2202
2218
2257
2288
2311
2344
2447
2484
2498
2523
2609
2664
2671
2830
2851
2879
2888
2906
2969
3038
3040
3073
3137
3186
3308
3366
3378
3392
3416
3449
3450
3460
3488
3537
3679
3764
3830
3849
3853
3902
3925
3965
4018
4049
4075
4116
4132
4191
4218
4373
4403
4435
4438
4513
4549
4579
4636
4649
4691
4762
4784
4784
4804
4825
4837
4838
4854
4869
5038
5057
5062
5087
5138
5167
5180
5189
5192
5203
5233
5244
5341
5346
5449
5493
5522
5550
5560
5596
5633
5635
5692
5694
5815
5829
5832
5962
5982
5983
6005
6008
6019
6021
6042
6113
6164
6177
6313
6413
6489
6495
6519
6526
6581
6607
6638
6644
6680
6751
6762
6783
6797
6839
6844
6862
6900
6930
6961
6974
7009
7057
7131
7135
7251
7299
7397
7407
7491
7539
7639
7648
7711
7736
7798
7823
7921
7933
7942
7975
7993
8040
8074
8083
8121
8162
8163
8171
8183
8214
8247
8482
8496
8563
8823
8837
8854
8901
8938
8944
8956
9036
9099
9128
9160
9179
9203
9205
9212
9280
9322
9335
9357
9380
9451
9456
9490
9508
9513
9527
9531
9537
9582
9686
9694
9768
9822
9828
9888
10022
10084
10133
10141
10149
10189
10202
10253
10319
10422
10436
10450
10491
10545
10611
10612
10653
10708
10765
10776
10840
10852
10873
10886
10938
10944
10988
11022
11025
11048
11053
11090
11126
11148
11235
11236
11245
11249
11266
11414
11422
11481
11501
11628
11672
11679
11709
11731
11733
11780
11790
11795
11884
11948
11963
11975
11985
11989
12051
12056
12060
12063
12075
12114
12119
12205
12253
12325
12330
12456
12495
12508
12543
12571
12622
12681
12778
12803
12805
12848
12855
12856
12931
13096
13168
13185
13229
13239
13272
13290
13334
13375
13411
13439
13489
13555
13607
13673
13707
13721
13781
13809
13890
13911
13938
14043
14071
14084
14104
14168
14197
14318
14347
14367
14388
14404
14436
14458
14463
14505
14511
14519
14521
14736
14768
14797
14826
14879
14900
14908
14935
14966
14974
14984
15077
15123
15146
15207
15210
15253
15258
15270
15279
15287
15451
15532
15544
15595
15702
15720
15754
15769
15773
15794
15879
15886
15966
15982
16112
16128
16155
16169
16172
16188
16370
16433
16474
16525
16528
16535
16591
16612
16614
16662
16690
16765
16857
16875
16885
16909
16956
16981
17001
17018
17019
17064
17074
17085
17102
17117
17139
17146
17178
17233
17248
17262
17287
17335
17337
17365
17380
17381
17415
17461
17465
17498
17508
17574
17667
17669
17709
17715
17755
17768
17793
17939
17943
17947
17949
17949
17983
17996
18105
18107
18125
18188
18201
18299
18392
18394
18431
18453
18466
18723
18760
18771
18790
18831
18848
18860
18894
18925
18940
18975
18978
19058
19071
19126
19147
19150
19220
19234
19252
19254
19264
19352
19365
19474
19513
19525
19540
19622
19696
19725
19772
19789
19857
19892
19898
19930
19948
19968
19980
20046
20069
20094
20103
20199
20205
20241
20256
20272
20345
20374
20381
20394
20454
20454
20496
20522
20593
20595
20642
20709
20752
20807
20812
20837
20838
20869
20872
21039
21111
21114
21158
21241
21252
21266
21269
21277
21277
21289
21294
21371
21389
21416
21430
21441
21512
21552
21593
21629
21678
21722
21738
21757
21762
21764
21772
21781
21789
21847
21848
21865
21866
21895
21956
22007
22010
22032
22040
22097
22110
22122
22162
22214
22259
22265
22340
22351
22359
22441
22472
22519
22537
22681
22733
22751
22754
22807
22830
22894
22898
22932
22951
23015
23027
23031
23098
23162
23231
23239
23264
23295
23302
23306
23309
23332
23343
23353
23354
23429
23449
23509
23541
23583
23654
23656
23661
23694
23737
23765
23767
23790
23792
23822
23834
23850
23862
23872
23875
23936
23991
24050
24091
24107
24108
24110
24127
24153
24159
24164
24178
24183
24236
24243
24271
24284
24291
24293
24326
24374
24424
24467
24480
24495
24500
24520
24539
24573
24662
24674
24682
24746
24875
24919
24954
24969
25031
25035
25048
25063
25083
25093
25113
25181
25198
25229
25242
25245
25261
25262
25322
25417
25426
25473
25474
25505
25647
25669
25680
25682
25736
25793
25819
25846
25865
25950
26175
26261
26315
26332
26361
26395
26399
26416
26424
26444
26467
26486
26542
26557
26574
26593
26616
26681
26683
26713
26788
26796
26809
26886
26929
26955
27006
27045
27050
27102
27116
27137
27188
27192
27329
27378
27392
27419
27425
27433
27453
27474
27530
27533
27542
27588
27593
27609
27610
27683
27684
27742
27751
27760
27864
27876
27879
27915
27923
27931
27983
28029
28045
28085
28139
28188
28190
28211
28336
28349
28357
28375
28377
28396
28413
28446
28448
28454
28474
28499
28617
28649
28670
28688
28688
28714
28725
28775
28800
28844
28875
28892
28908
28938
28957
28973
29015
29092
29108
29112
29132
29137
29150
29226
29344
29428
29466
29584
29593
29652
29657
29658
29670
29729
29766
29793
29810
29816
29834
29911
29915
29941
29948
29991
30106
30250
30283
30379
30381
30395
30461
30466
30482
30517
30532
30734
30736
30792
30848
30895
30933
30940
31228
31230
31234
31253
31274
31286
31294
31371
31426
31435
31459
31498
31504
31518
31603
31614
31655
31658
31658
31666
31675
31742
31782
31787
31788
31874
32025
32097
32100
32168
32300
32312
32312
32315
32362
32379
32396
32400
32463
32537
32573
32617
32659
32667
32718
